[Tracking]
invertYaw=false
invertPitch=true
invertRoll=false
invertX=false
invertY=true
invertZ=false

[GameProtocol]
DLL=C:/Users/Administrator/Projects/ftnoir-build-qtcreator/install/libftnoir-proto-tir.dll

[TrackerSource]
DLL=C:/Users/Administrator/Projects/ftnoir-build-qtcreator/install/libftnoir-tracker-ht.dll
2ndDLL=

[Filter]
DLL=C:/Users/Administrator/Projects/ftnoir-build-qtcreator/install/libftnoir-filter-accela.dll

[Curves-Yaw]
point-count=1
point-0-x=27
point-0-y=180

[Curves-PitchUp]
point-count=1
point-0-x=25
point-0-y=87

[Curves-PitchDown]
point-count=1
point-0-x=24.75
point-0-y=69.5

[Curves-Roll]
point-count=1
point-0-x=45
point-0-y=45

[Curves-X]
point-count=1
point-0-x=50
point-0-y=180

[Curves-Y]
point-count=1
point-0-x=50
point-0-y=180

[Curves-Z]
point-count=1
point-0-x=50
point-0-y=180

[HT-Tracker]
fov=69
fps=0
camera-index=-1
enable-rx=true
enable-ry=true
enable-rz=true
enable-tx=true
enable-ty=true
enable-tz=true
resolution=0

[Accela]
Reduction=100

[Curves-Accela-Scaling-Rotation]
point-count=5
point-0-x=0
point-0-y=0
point-1-x=0.413612565445026
point-1-y=0.44
point-2-x=0.738219895287958
point-2-y=2.02666666666667
point-3-x=0.863874345549738
point-3-y=3.73333333333333
point-4-x=0.963350785340314
point-4-y=6

[Curves-Accela-Scaling-Translation]
point-count=10
point-0-x=0
point-0-y=0
point-1-x=0.282722513089005
point-1-y=0.08
point-2-x=0.492146596858639
point-2-y=0.306666666666667
point-3-x=0.764397905759162
point-3-y=0.84
point-4-x=1.00523560209424
point-4-y=1.62666666666667
point-5-x=1.17277486910995
point-5-y=2.78666666666667
point-6-x=1.25130890052356
point-6-y=3.6
point-7-x=1.31937172774869
point-7-y=4.29333333333333
point-8-x=1.38219895287958
point-8-y=4.90666666666667
point-9-x=1.43455497382199
point-9-y=5.65333333333333
